$ANSIBLE_VAULT;1.1;AES256
66643036613062383732356265313466383564636563663362663931393735326461633437306135
3666646561306664336664373433396461333164353037390a653433323339393536343465343566
66646662643962343233643565666163633431343133653632663331643631623039613666633432
3236636161646332660a653164613535653637306435323537623438396632663132626433643631
66303562306433633031346239663131303661633933383938663731313430326439636265393237
36343562616230393265303165396261393835343133303661363362393166383932346631376630
65643832663963316130343637663861376135613338393237363565633330656632303264653030
39316332656337326634323366383337333434633531393731376562353539636238633763353736
63323232626566383639643064366335643134393239353938386363313933363334373935636363
63313830383530633331383431613165376662623266313164373035616130333766386538613436
33373738653730336234666638343362343538363366313435346538303132643865633466363466
64323666626264306335623139633062353834316166306166323130613262303739313138303965
33643731613038633938343766303033396132373765313761626330316636376331633435323461
61333262343135383038323938663165633666303765366334316534636238653436353331326265
31353132663562396532633966346466616235386239346463623634653539643335383933363965
39666364336665636465353165636564346466333963313334363266326535393336366334356434
32393735623539363966326137663339316331363734623135323633306131363232616131396361
37653666613636623032666462663364393666346330613938316334353130653330653463343237
36343361383465343731303030636565633731303164343131303431623138346431353733393166
38316436323736313936613836393737333831396536353534393630353765323161366237663562
33386532346161613638333734303638373961666263386661386263313665326334633030396433
64396134306331613563613836623137613463326336356239323764623861393938643830333965
66383365373736356365636337663439313935353134616664633265313064343862663938333461
35393965326164633533323861393763353836386536353063616435303532333364363264616263
33306339326337623733363031653033633634383731373464353930323733393432333761616434
32623037613637376365366361653034663433333565346165313339623365626439343234303133
37393136626434613135363930386364353231656137326263613762653036653830356632346436
66323061636138626261653139626262636163303532653665336366356635316366633035383366
61363632616536663061633330353136323538613162616632656333323632656232326235313363
63343532396463383836616431356465366130633964356538636464373039633062323166356266
37663238613365396162633762343431616662346231313332636166333230663233613631326365
66313439313139313538623935386432393838396138663030383866316534323931396532613561
38616661356165303536333964326337363332323033633236386363323834313366353839306135
36353834336334613265626632333633363338393136653534666636393835386365373732303362
65333634333938386163303134643633663938396666333963333132303536663533636239356462
65316563356134386565623035663637633364616537653039623936386265376362393232356335
66353065353266336135383139333731316364616666333236653762353362383061616462303732
30306265643030356665336638313732353131313765336264363234653763626533623530656431
63383834353336323136323839643963613637613439636134326234323135396534373162326463
35383634363463356562313735396164333037326434626266353939333463623166656463326338
31653562636366376133343432343265353038353463373034366630313161343665393866613532
61373861623138633634333039646139623732383861363566306166323064623137356136356532
37363235343662626663386631346434343861333662613064633731633330633633356636646462
66316562626163356336356331613434666536326163616632626233333032353530316262646235
35613832373464303431623338333537386664316539313961666465633930383633663832376130
37373761326630363037336339393536313532393763366336373061316432623632616137386465
31646165323036376234303064306561323462633262316564393565363961613037353465633964
64613330633037373533356662626636393338373861373161313663373330663230323266373663
61316161393935363236366630623065386263326532393362323366363738343266313133333435
64316433633631386265383666373031633265306236626137333635636136306532616166333361
39343163623264393935646133356538323230343330353936373538373566343134623534636237
34356137613530336665386666346430373138623261636433666538353236396531393736303634
39393834636365316537323964393738653937313961323233353262633139393332333330336330
35306533343063643338646531623563626265653666376239336432623666383262346566306264
62353966643335633434363133626233306462313137393761663838386432343361303638343863
35386138653533633534643039623361363863373033396637326564383465366666613831396436
37373835656361396139353936316439663564343439316163623238383061633161303039646163
34313738386162646334306631383361626262613064356131313134613963633066316230373539
34306532646335333935303964373366626531636234343237363739336562353765306234666630
33376632636239653364633230646132366232383661336163636363326363346330313236356436
62346432303739326239353830316162643831396464623166303433613035353538656135396631
38353338383462386566646135653863386333396562666437613530353530663366656461303938
31323735616465353464613861323665303966303535666561383565616531636638643063623862
34323366646365613734323233323937333266613638306636373737653435303836653532313062
61353138656334356666386265333335306335353637343239643338386232303931316361336363
66383830336162626438656166326433386538616666623466363263633032383135636266643462
31643038363738323535333162386164323831373963613030383466383334303133643839626139
63303333373236373864633962336463396331373163653963343934346565636566623631303832
33623864316166616232626637333465376436383838343531373837663835363336623332373066
37666362613363646663326465653338306534613930383439353034623432363835363234623135
36313739323561386130376230333539366334616565663334613030623966333065343932646433
37643762663266646365636638313931366262376566346639376538663437323234326139616564
39393563393165353237633239636430373136653336346661656431363535343366653066636362
32353931373139333765613564663766353331666431353263636463316538616437346438613362
30383337343132656136633932616638666530383766366530343630323335306161373930303362
33663435636436636530376136633264316439356432646538323964626134653562613261633132
33626135333830353034383664323763363231623738656335646136373433383565383862643664
61353238613765333737623964626162386237366664373130393438626566646662313632353430
64366237353735313433393430353136653536616562616364326134336663643437613638363463
62366465383764343332663763396136643037646366363762316237616134656230393739373432
37316334346637326434323761316565353763336236613732623563383438313161323961383435
61363661316662376233323163363336663737623765663061643563376466353533636536613837
64373239386662653165303838336238363865396263613833633736353830613064353738633366
66376437346137653735373531366161393463626233303066323765613731346665353930343837
36376439356132666231353239343965623561303365346632396161306166333334333031633864
33663363623035653439396134653738616438383534646635326232326633343236386461656335
64366365663165366430366237313862396630383438633761613038616537666165303838386163
32613431343966383932326332643262633135333139306233323730306563313762613134383531
66306239643463623432653737383437386562303435313334326230313964643936353432613663
66313062313532323439363566613439643438383832616139633930353933383664373861313433
65343164663335333638636132316631643166396661343866356533373236366335643736633236
66366337333364343733333733363263663632366264373735623739663164373737313634343961
34623030393930333831663537356338353739663230636662343065666335633230616634646461
62323837383836633333393138383766336336346430313437363464346139363161396261623834
34633365326565633162306334653064303732613063643836383366633132353337333631306165
33376366373966646538656137313037396438613363613463353039383563623961613839303435
30333236636436653630383335363761333565343339666462316235303935373534666437363038
35363761343565316661346530326338623732643437383637376266653166366133643365633734
62626139376131343138336432663430613762346430396634663136346165373466316438303137
38643763393538616566666131613930663637363137626662623839646263333637383566343661
38396366643235623839326635343565313566653530346135656463386134326636613337333531
62666433393866386339646435353539393966336237373936313961363239316432353964336533
36646365653930306361656665613133323766643131636662663364646662646661386634373637
66613137306538653037363631343536363233663131373663303966343034626165396562643262
61613834363134323064393763653836363461396562333461356239653336626632653535333564
65363163626465383666363539656430613935326465653535656234656536353762386534363764
61383430383537633537363339653666626536653061326333323166653435303463346164643334
30306362363466653536656363326634326131336465343334333030313438386137663737376130
61323465306338376335343534323066386434363530366661626562333563363230653963343765
33316130383733363836363037336132343136393863633633303132313737643535353232366366
62306435396130636134366233333433333964376163393436396565323739363339666133313633
66366435346132316632353638343335336335336632316464333336373036366561373632383966
66393032383466346465653736306334316231373138666466613166336563656537643530663938
35643432653962633137623430363263376338313634643132616166616538333237356434303136
63326566646339663462393030386638626133323531306166303137376236663336653136643262
33353335633038353636636134623766633035336163653337626630333764613937626536643061
62343338653236616239353838373632393032333738336630303262623530326533313831363733
34383066666336333535366332316666613635666362656433326461653963323431646364313465
32653265326234373662326361316662326363666239303931363433623931616633666264656462
36373539336263333731383665326266323836613766643133396166356631643034636237613263
63306535396465353633366237333164663164353364646631356564336637626238386463653166
30633264343531323837303561656566383339363861326431663962636564373236643364646461
66363466653436653462323563623535386131303766373165383361396639326134396430343339
66303033373963363537653865653230393362356532643665366136613934363334356137353337
31616638633432373266306336363865353838666564396330653664626431643164356133366662
31323639663163353364623735656636653434643936303132366138623237343331313237363965
32653130353630393130396664616635633438626433333966633132353431343636313437396530
39313439386261616338373465393532666535333139353364643537323966313735336166666632
64313031376663613730313734306563383336353062313335303264663335653238623238616562
62383034323932656536373636353837663937653365643035363565626237333032333833336630
38353431383363656636343032303333653935303530646630313338303731326232313735613439
34616434333661323039303634356233363931303266363664613264336163386238646239333038
36613836366639363736376361373638333935333663623032373065313732383863636362303764
33393862376363653039383838663233346532383032633065333336373635343462393035623735
36656463633466633034616661393163616339376162666334343538323638303433656238366336
32613939613133653130326465386232653639336437313030376538303863613661326535363034
32313137383435326337386561313633343135313038323363353233323431396238653436383031
33306461303731626339343963663033383433613236633366656433343332653433396137343038
34353433366433353462633936333231363761356465373463313630613337346664376332323764
63613765373636616636326331626537333835366136366263383031353031303738303032343363
61323232306264396665333330636132633765396432333539663036636161613230323937626461
31306662653432383531323836643931303761666235333836663036346266336561306237383234
35386261646233346334333735336136373830396433623434643231663465666133636335383361
38613963333834323231386134393433623365636136326366376262373661666233626439613061
38643562346131316130323465356465313136646439643830366434643130396565336264363831
34623465643731336162633063326534376332666331633331633061653735343163623663663538
38386136663561656662356566336139326561616331326566376637303365633538623866336431
62316461623831346238626630363639326663303463326163353433383533616238303764363533
62343833613135393233356133323463396633613664353038353533383961613934376535333861
66336130393530666235346465663637646637306261653432303665623264646461656435333735
38303936626262313734636161383366316139633766303239616565396663393261373130356463
30663063393839313063346665326534306634653561373165356361306364333131653139613962
30363335346236303262393663323765663162646339666363376238663663333834666161353930
64623035396564313535643135313734663662343464373432393563663135623032653064396332
66326266616464613166323634613330616137333438633233336332373732393964643932386461
36653538336632353364633535346166313963636431376164623063383037646163383036386139
61336536323730313431393633396662653435383833643636636664343261383534326536356135
37663036626635376432313764616430323662626535613664653430616238323539663966353966
39366432386164643363663462643837323134663630383563366465323335353430303463653962
37626561643465633863663838346566353665623836343463316235383930653132343963653163
36363962343461363336663561323966333930663139613733336137363337326135396432333939
30373765633963313764633436633230303836633036316366633665666462383362313735613961
30653430326630656565643933376439356637613830373963303530626130303866373435323931
38636338303131633362303631616463373630323663646630373331333233393462623336363433
63303061303030613263393234633564626163636661623861366436663638303336613733636430
6235386438663261333337663930616639663231363239396133
