$ANSIBLE_VAULT;1.1;AES256
64393762303037663063653533336332376238643266383235326339316430356665613730376566
3864643763653631326430643165343665643635333665320a613266663261663231653437336331
37393135353835333964363939646233643066623562613237626630383561386363393537346339
3563626561326632310a653730326631323561326636313236363236633962303336383962623730
63373731626561396131363035333135356364653565306563323936646130346630643734663530
37306430646464323963346565313966316236636161643237626532383366333437373034353265
65633936643937656530613437356338373964363933636436653866333034656337353837643432
66333637393136653966656164393730356363313934623434633662633634393164323638653437
35323664313862313033633038323933373662363739383763373639323630366635303633393032
31323530343539636561633866343730366332383062633366396336633333366461343434613334
33393032616664316366393133366166366162646239636436383234343630643034363536623131
30663135653933396638356532613631386531346162626636613665633463323332383664313663
6666
